%YAML:1.0
---
camera_matrix: !!opencv-matrix
   rows: 3
   cols: 3
   dt: d
   data: [ 1.7774091341308808e+03, 0., 7.1075979428865026e+02, 0., 
           1.7754170626354828e+03, 5.3472407285624729e+02, 0., 0., 1. ]
distortion_coefficients: !!opencv-matrix
   rows: 1
   cols: 5
   dt: d
   data: [ -5.6313426428564950e-01, 1.8301501710641366e-01,
           1.9661478907901904e-03, 9.6259122849674621e-04,
           5.6883803390679100e-01 ]
